data,casosAcumulado,casosNovos,obitosAcumulado,obitosNovos,Recuperadosnovos,emAcompanhamentoNovos
2/25/2020,0,0,0,0,,
2/26/2020,1,1,0,0,,
2/27/2020,1,0,0,0,,
2/28/2020,1,0,0,0,,
2/29/2020,2,1,0,0,,
3/1/2020,2,0,0,0,,
3/2/2020,2,0,0,0,,
3/3/2020,2,0,0,0,,
3/4/2020,3,1,0,0,,
3/5/2020,7,4,0,0,,
3/6/2020,13,6,0,0,,
3/7/2020,19,6,0,0,,
3/8/2020,25,6,0,0,,
3/9/2020,25,0,0,0,,
3/10/2020,34,9,0,0,,
3/11/2020,52,18,0,0,,
3/12/2020,77,25,0,0,,
3/13/2020,98,21,0,0,,
3/14/2020,121,23,0,0,,
3/15/2020,200,79,0,0,,
3/16/2020,234,34,0,0,,
3/17/2020,291,57,1,1,,
3/18/2020,428,137,4,3,,
3/19/2020,621,193,6,2,,
3/20/2020,904,283,11,5,,
3/21/2020,1128,224,18,7,,
3/22/2020,1546,418,25,7,,
3/23/2020,1891,345,34,9,,
3/24/2020,2201,310,46,12,,
3/25/2020,2433,232,57,11,,
3/26/2020,2915,482,77,20,,
3/27/2020,3417,502,92,15,,
3/28/2020,3903,486,114,22,,
3/29/2020,4256,353,136,22,,
3/30/2020,4579,323,159,23,,
3/31/2020,5717,1138,201,42,,
4/1/2020,6834,1117,241,40,,
4/2/2020,7910,1076,299,58,,
4/3/2020,9056,1146,359,60,,
4/4/2020,10278,1222,432,73,,
4/5/2020,11130,852,486,54,,
4/6/2020,12056,926,553,67,,
4/7/2020,13717,1661,667,114,,
4/8/2020,15927,2210,800,133,,
4/9/2020,17857,1930,941,141,,
4/10/2020,19638,1781,1056,115,,
4/11/2020,20727,1089,1124,68,,
4/12/2020,22169,1442,1223,99,,
4/13/2020,23430,1261,1328,105,,
4/14/2020,25262,1832,1532,204,,
4/15/2020,28320,3058,1736,204,,
4/16/2020,30425,2105,1924,188,,
4/17/2020,33682,3257,2141,217,,
4/18/2020,36599,2917,2347,206,,
4/19/2020,38654,2055,2462,115,22130,14062
4/20/2020,40581,1927,2575,113,22991,15015
4/21/2020,43079,2498,2741,166,24325,16013
4/22/2020,45757,2678,2906,165,25318,17533
4/23/2020,49492,3735,3313,407,26573,19606
4/24/2020,52995,3503,3670,357,27655,21670
4/25/2020,58509,5514,4016,346,29160,25333
4/26/2020,61888,3379,4205,189,30152,27531
4/27/2020,66501,4613,4543,338,31142,30816
4/28/2020,71886,5385,5017,474,32544,34325
4/29/2020,78162,6276,5466,449,34132,38564
4/30/2020,85380,7218,5901,435,35935,43544
5/1/2020,91299,5919,6329,428,38039,47221
5/2/2020,96396,5097,6724,395,40937,48872
5/3/2020,101147,4751,7025,301,42991,51131
5/4/2020,107780,6633,7321,296,45186,55273
5/5/2020,114715,6935,7921,600,48221,58573
5/6/2020,125218,10503,8535,614,51370,65312
5/7/2020,135106,9888,9146,611,55350,70610
5/8/2020,145328,10222,9895,749,59297,76134
5/9/2020,155939,10611,10627,732,61685,83627
5/10/2020,162699,6760,11123,496,64957,86619
5/11/2020,168331,5632,11519,396,67384,89429
5/12/2020,177589,9258,12400,881,72597,92593
5/13/2020,188974,11385,13149,749,78424,97402
5/14/2020,202918,13944,13993,844,79479,109446
5/15/2020,218223,15305,14817,824,84970,118436
5/16/2020,233142,14919,15633,816,89672,127837
5/17/2020,241080,7938,16118,485,94122,130840
5/18/2020,254220,13140,16792,674,100459,136969
5/19/2020,271628,17408,17971,1179,106794,146863
5/20/2020,291579,19951,18859,888,116683,156037
5/21/2020,310087,18508,20047,1188,125960,164080
5/22/2020,330890,20803,21046,999,135430,174412
5/23/2020,347398,16508,22013,967,142587,182798
5/24/2020,363211,15813,22666,653,149911,190634
5/25/2020,374898,11687,23473,807,153833,197592
5/26/2020,391222,16324,24512,1039,158593,208117
5/27/2020,411821,20599,25598,1086,166647,219576
5/28/2020,438238,26417,26754,1156,177604,233880
5/29/2020,465166,26928,27878,1124,189476,247812
5/30/2020,498440,33274,28834,956,200892,268714
5/31/2020,514200,15760,29314,480,206555,278331
6/1/2020,526447,12247,29937,623,211080,285430
6/2/2020,555383,28936,31199,1262,223638,300546
6/3/2020,584016,28633,32548,1349,238617,312851
6/4/2020,614941,30925,34021,1473,254963,325957
6/5/2020,645771,30830,35026,1005,266940,343805
6/6/2020,672846,27075,35930,904,277149,359767
6/7/2020,691758,18912,36455,525,283952,371351
6/8/2020,707412,15654,37134,679,290040,380238
6/9/2020,739503,32091,38406,1272,311064,390033
6/10/2020,772416,32913,39680,1274,325395,407341
6/11/2020,802828,30412,40919,1239,345595,416314
6/12/2020,828810,25982,41828,909,365063,421919
6/13/2020,850514,21704,42720,892,379245,428549
6/14/2020,867624,17110,43332,612,388492,435800
6/15/2020,888271,20647,43959,627,412252,432060
6/16/2020,923189,34918,45241,1282,441729,436219
6/17/2020,955377,32188,46510,1269,463474,445393
6/18/2020,978142,22765,47748,1238,482102,448292
6/19/2020,1032913,54771,48954,1206,507200,476759
6/20/2020,1067579,34666,49976,1022,520734,496869
6/21/2020,1085038,17459,50617,641,549386,485035
6/22/2020,1106470,21432,51271,654,571649,483550
6/23/2020,1145906,39436,52645,1374,613345,479916
6/24/2020,1188631,42725,53830,1185,649908,484893
6/25/2020,1228114,39483,54971,1141,673729,499414
6/26/2020,1274974,46860,55961,990,697526,521487
6/27/2020,1313667,38693,57070,1109,715905,540692
6/28/2020,1344143,30476,57622,552,733848,552673
6/29/2020,1368195,24052,58314,692,757462,552419
6/30/2020,1402041,33846,59594,1280,790040,552407
7/1/2020,1448753,46712,60632,1038,826866,561255
7/2/2020,1496858,48105,61884,1252,852816,582158
7/3/2020,1539081,42223,63174,1290,868372,607535
7/4/2020,1577004,37923,64265,1091,876359,636380
7/5/2020,1603055,26051,64867,602,906286,631902
7/6/2020,1623284,20229,65487,620,927292,630505
7/7/2020,1668589,45305,66741,1254,976977,624871
7/8/2020,1713160,44571,67964,1223,1020901,624295
7/9/2020,1755779,42619,69184,1220,1054043,632552
7/10/2020,1800827,45048,70398,1214,1078763,651666
7/11/2020,1839850,39023,71469,1071,1100873,667508
7/12/2020,1864681,24831,72100,631,1123204,669377
7/13/2020,1884967,20286,72833,733,1154837,657297
7/14/2020,1926824,41857,74133,1300,1209208,643483
7/15/2020,1966748,39924,75366,1233,1255564,635818
7/16/2020,2012151,45403,76688,1322,1296328,639135
7/17/2020,2046328,34177,77851,1163,1321036,647441
7/18/2020,2074860,28532,78772,921,1342362,653726
7/19/2020,2098389,23529,79488,716,1371229,647672
7/20/2020,2118646,20257,80120,632,1409202,629324
7/21/2020,2159654,41008,81487,1367,1465970,612197
7/22/2020,2227514,67860,82771,1284,1532138,612605
7/23/2020,2287475,59961,84082,1311,1570237,633156
7/24/2020,2343366,55891,85238,1156,1592281,665847
7/25/2020,2394513,51147,86449,1211,1617480,690584
7/26/2020,2419091,24578,87004,555,1634274,697813
7/27/2020,2442375,23284,87618,614,1667667,687090
7/28/2020,2483191,40816,88539,921,1721560,673092
7/29/2020,2552265,69074,90134,1595,1786753,675378
7/30/2020,2610102,57837,91263,1129,1824095,694744
7/31/2020,2662485,52383,92475,1212,1844051,725959
8/1/2020,2707877,45392,93563,1088,1865729,748585
8/2/2020,2733677,25800,94104,541,1883677,755896
8/3/2020,2750318,16641,94665,561,1912319,743334
8/4/2020,2801921,51603,95819,1154,1970767,735335
8/5/2020,2857597,55676,97240,1421,2020637,741180
8/6/2020,2912212,54615,98493,1253,2080916,781954
8/7/2020,2962442,50230,99572,1079,2068394,794476
8/8/2020,3012412,49970,100477,905,2094293,817642
8/9/2020,3035422,23010,101049,572,2118460,815913
8/10/2020,3057470,22048,101752,703,2163812,791906
8/11/2020,3109630,52160,103026,1274,2243124,763480
8/12/2020,3164785,55155,104201,1175,2309477,751107
8/13/2020,3224876,60091,105463,1262,2356640,762773
8/14/2020,3275520,50644,106523,1060,2384302,784695
8/15/2020,3317096,41576,107232,709,2404272,805592
8/16/2020,3340197,23101,107852,620,2432456,799889
8/17/2020,3359570,19373,108536,684,2478494,772540
8/18/2020,3407354,47784,109888,1352,2554179,743287
8/19/2020,3456652,49298,111100,1212,2615254,730298
8/20/2020,3501975,45323,112304,1204,2653407,736264
8/21/2020,3532330,30355,113358,1054,2670755,748217
8/22/2020,3582362,50032,114250,892,2709638,758474
8/23/2020,3605783,23421,114744,494,2739035,752004
8/24/2020,3622861,17078,115309,565,2778709,728843
8/25/2020,3669995,47134,116580,1271,2848395,705020
8/26/2020,3717156,47161,117665,1085,2908848,690642
8/27/2020,3761391,44235,118649,984,2947250,695492
8/28/2020,3804803,43412,119504,855,2976796,708503
8/29/2020,3846153,41350,120462,958,3006679,719012
8/30/2020,3862311,16158,120828,366,3031626,709857
8/31/2020,3908272,45961,121381,553,3097734,689157
9/1/2020,3950931,42659,122596,1215,3159096,669239
9/2/2020,3997865,46934,123780,1184,3210405,663680
9/3/2020,4041638,43773,124614,834,3247610,669414
9/4/2020,4092832,51194,125521,907,3278918,688393
9/5/2020,4123000,30168,126203,682,3296702,700095
9/6/2020,4137521,14521,126650,447,3317227,693644
9/7/2020,4147794,10273,126960,310,3355564,665270
9/8/2020,4162073,14279,127464,504,3397234,637375
9/9/2020,4197889,35816,128539,1075,3453336,616014
9/10/2020,4238446,40557,129522,983,3497337,611587
9/11/2020,4282164,43718,130396,874,3530655,621113
9/12/2020,4315687,33523,131210,814,3553421,631056
9/13/2020,4330455,14768,131625,415,3573958,624872
9/14/2020,4345610,15155,132006,381,3613184,600420
9/15/2020,4382263,36653,133119,1113,3671128,578016
9/16/2020,4419083,36820,134106,987,3720312,564665
